12 12

0 0
0 0
0 18
0 8
0 17
0 0
0 3
0 6
0 0
0 6
0 18
0 0

0 0
9 6
-1
-1
-1
5 0
-1
-1
3 5
-1
-1
0 10

12 0
-1
-1
-1
-1
21 10
-1
-1
-1
-1
-1
-1

5 0
-1
-1
3 0
-1
-1
3 0
-1
-1
4 0
-1
-1

8 0
-1
-1
9 7
-1
-1
0 9
0 0
0 7
5 13
-1
-1

0 0
8 0
-1
-1
3 5
-1
-1
10 10
-1
-1
-1
0 0

0 0
0 0
29 19
-1
-1
-1
-1
-1
-1
-1
0 18
0 0

0 0
7 6
-1
-1
-1
5 0
-1
-1
4 10
-1
-1
0 6

4 0
-1
-1
0 0
0 6
0 6
4 0
-1
-1
3 0
-1
-1

6 0
-1
-1
3 3
-1
-1
6 8
-1
-1
5 5
-1
-1

21 0
-1
-1
-1
-1
-1
-1
13 0
-1
-1
-1
-1

0 0
8 0
-1
-1
5 0
-1
-1
14 0
-1
-1
-1
0 0
