14 14

0 0
0 0
0 25
0 7
0 15
0 0
0 24
0 9
0 10
0 0
0 0
0 5
0 28
0 0

0 0
17 13
-1
-1
-1
10 0
-1
-1
-1
0 0
4 22
-1
-1
0 15

30 0
-1
-1
-1
-1
24 9
-1
-1
-1
24 13
-1
-1
-1
-1

10 0
-1
-1
0 9
10 22
-1
-1
0 0
16 0
-1
-1
7 0
-1
-1

0 0
21 0
-1
-1
-1
-1
0 0
0 0
10 16
-1
-1
6 4
-1
-1

0 0
0 0
15 0
-1
-1
0 3
0 0
11 21
-1
-1
6 0
-1
-1
0 14

0 0
0 14
0 33
7 0
-1
-1
11 17
-1
-1
0 4
14 0
-1
-1
-1

11 0
-1
-1
0 11
16 0
-1
-1
-1
-1
-1
0 7
12 0
-1
-1

24 0
-1
-1
-1
0 0
12 8
-1
-1
4 0
-1
-1
0 9
0 0
0 0

0 0
13 22
-1
-1
13 15
-1
-1
0 0
0 0
6 10
-1
-1
0 21
0 0

12 0
-1
-1
3 0
-1
-1
0 0
0 0
21 15
-1
-1
-1
-1
0 3

7 0
-1
-1
10 3
-1
-1
0 6
9 14
-1
-1
0 11
10 3
-1
-1

16 0
-1
-1
-1
-1
10 0
-1
-1
-1
11 0
-1
-1
-1
-1

0 0
6 0
-1
-1
0 0
22 0
-1
-1
-1
9 0
-1
-1
-1
0 0
