14 14

0 0
0 28
0 15
0 4
0 0
0 11
0 17
0 0
0 34
0 12
0 0
0 15
0 6
0 4

16 0
-1
-1
-1
14 0
-1
-1
16 27
-1
-1
7 0
-1
-1
-1

7 0
-1
-1
-1
18 11
-1
-1
-1
-1
-1
6 10
-1
-1
-1

10 0
-1
-1
6 15
-1
-1
28 0
-1
-1
-1
-1
-1
-1
0 0

25 0
-1
-1
-1
-1
-1
16 8
-1
-1
3 24
-1
-1
0 7
0 3

0 0
7 0
-1
-1
-1
38 23
-1
-1
-1
-1
-1
-1
-1
-1

0 0 
0 0
10 6
-1
-1
-1
-1
0 0
4 24
-1
-1
3 11
-1
-1

0 0
3 3
-1
-1
10 29
-1
-1
16 0
-1
-1
4 20
-1
-1
0 0

3 0
-1
-1
17 34
-1
-1
0 35
29 29
-1
-1
-1
-1
0 29
0 0

38 0
-1
-1
-1
-1
-1
-1
-1
-1
9 10
-1
-1
-1
0 14

0 0
0 0
17 19
-1
-1
16 6
-1
-1
18 0
-1
-1
-1
-1
-1

0 0
38 4
-1
-1
-1
-1
-1
-1
13 4
-1
-1
16 4
-1
-1

20 0
-1
-1
-1
18 0
-1
-1
-1
-1
-1
6 0
-1
-1
-1

10 0
-1
-1
-1
9 0
-1
-1
3 0
-1
-1
8 0
-1
-1
-1
